4
5
6
7
8
13
14
16
18
23
28
33
42
45
46
47
48
66
67
68
79
81
82
87
88
89
90
93
95
99
101
105
112
114
121
122
129
132
138
140
141
146
147
150
153
154
176
180
182
183
186
190
191
193
194
195
196
212
213
219
228
234
235
237
242
248
250
251
256
264
268
270
282
283
284
287
288
293
294
300
305
306
309
323
324
327
334
337
338
341
342
343
344
345
347
348
354
355
357
359
372
378
379
380
383
385
387
402
411
412
420
423
436
443
444
445
446
447
449
450
460
461
463
469
473
475
481
484
497
501
507
508
510
511
513
514
515
517
531
532
535
539
540
545
546
550
570
576
588
589
590
591
594
600
605
608
609
610
611
615
619
622
623
627
630
631
634
635
639
645
646
647
649
651
652
653
655
661
667
674
686
690
691
705
706
715
721
725
727
738
739
747
748
749
752
753
754
756
760
762
768
772
777
781
784
788
805
806
808
809
815
819
820
824
829
835
838
842
844
847
848
861
862
865
866
878
880
887
891